id	exon	cov
3766	2	18040
3767	2	10064
3768	2	16090
3769	2	11237
3770	2	29213
3771	2	17309
3772	2	26340
3773	2	14280
3774	2	48518
3775	2	28192
3776	2	2709
3777	2	3105
3778	2	4177
3779	2	3732
3780	2	2674
3813	2	26398
3814	2	18553
3815	2	28281
3816	2	22097
3817	2	41446
3818	2	30021
3819	2	19025
3820	2	29926
3821	2	22678
3822	2	40404
3823	2	2478
4452	2	48171
4453	2	31841
4454	2	51096
4455	2	34959
4456	2	63039
4457	2	24379
4458	2	17306
4459	2	28843
4460	2	17201
4461	2	33429
4462	2	2279
4463	2	2284
4464	2	1738
4465	2	2328
4466	2	2817
4467	2	2384
4468	2	2569
4469	2	2486
4470	2	2676
4471	2	2703
4473	2	2219
4474	2	1766
4475	2	1606
4476	2	1606
4477	2	2065
4478	2	2767
4479	2	2339
4480	2	2461
4481	2	2081
5073	2	25667
5074	2	20639
5075	2	29417
5076	2	20636
5077	2	36375
5078	2	22886
5079	2	19088
5080	2	28809
5081	2	21071
5082	2	33832
5083	2	2305
5084	2	1889
5085	2	1819
5086	2	2003
5087	2	2559
5088	2	2185
5089	2	2052
5090	2	2295
5091	2	2032
5092	2	1979
5102	2	42502
5103	2	31814
5104	2	49270
5105	2	32272
5106	2	53023
5107	2	25676
5108	2	17894
5109	2	27798
5110	2	18500
5111	2	33813
5112	2	2584
5113	2	2104
5114	2	2154
5115	2	2205
5116	2	2756
5117	2	2399
5118	2	2275
5119	2	1918
8415	2	12550
8416	2	21201
8417	2	20740
8418	2	10912
8419	2	24271
8420	2	28246
8421	2	25267
8422	2	32378
8423	2	21944
8424	2	32877
8425	2	1287
8426	2	3629
8427	2	2031
8428	2	2427
8429	2	3889
8430	2	2292
8431	2	2585
8432	2	2865
8433	2	2372
8434	2	2266
10853	2	26555
10854	2	22239
10855	2	14054
10856	2	11865
10857	2	21180
10858	2	16265
10859	2	16297
10860	2	12927
10861	2	18368
10862	2	14795
10863	2	11680
10864	2	9352
10865	2	25661
10866	2	26663
10867	2	29805
11857	2	6769
11858	2	5341
11859	2	3997
11860	2	3527
11861	2	4334
11862	2	5685
11863	2	5932
11864	2	4103
11865	2	5057
11866	2	4975
11867	2	5949
11868	2	4606
11869	2	6582
11870	2	8125
11871	2	9048
11872	2	5216
11873	2	6245
11874	2	5347
11875	2	5319
11876	2	5794
11917	2	1843
11918	2	1405
11919	2	2045
11920	2	1807
11921	2	2147
11922	2	2414
11923	2	915
11924	2	887
11925	2	10487
11926	2	6650
11927	2	7785
11928	2	5629
11929	2	11920
11930	2	9187
11931	2	5217
11932	2	6281
11933	2	4550
11934	2	6015
11935	2	4830
11936	2	3277
11947	2	1122
11948	2	10853
11949	2	6789
11950	2	19925
11951	2	8281
11952	2	7693
11953	2	5275
11954	2	3265
11955	2	11233
11956	2	7040
11957	2	6530
11958	2	13688
11959	2	11493
11960	2	9590
11961	2	6143
11962	2	10008
11963	2	5251
11964	2	5700
11966	2	768
11987	2	651
11988	2	1087
11989	2	1452
11990	2	1316
11991	2	1670
11992	2	1197
11993	2	533
11994	2	653
11995	2	3533
11996	2	2091
11997	2	1880
11998	2	2725
11999	2	3915
12000	2	9483
12001	2	6464
12002	2	8097
12003	2	5841
12004	2	4462
12005	2	9032
12006	2	11955
12257	2	20637
12258	2	20086
12259	2	13393
12260	2	13570
12261	2	20590
12262	2	17351
12263	2	17484
12264	2	12154
12265	2	20629
12266	2	12550
12267	2	10007
12268	2	18499
12269	2	13127
12270	2	24577
12271	2	14133
12272	2	27563
12273	2	26013
12274	2	31379
12275	2	26622
12276	2	41116
12277	2	29341
12278	2	3720
12279	2	3544
12280	2	4553
12281	2	4874
12282	2	3542
12283	2	3073
12284	2	4340
12285	2	3920
12286	2	3120
12287	2	3045
12288	2	45974
12289	2	32583
12290	2	48978
12291	2	40812
12292	2	51262
12293	2	43603
12294	2	63638
12295	2	44263
12296	2	69807
12297	2	49487
12298	2	3277
12299	2	3867
12300	2	2635
12301	2	2294
12302	2	3814
12303	2	3419
12304	2	2538
12305	2	2664
12306	2	3984
12307	2	3657
12314	2	51601
12315	2	19953
12316	2	61086
12317	2	56178
12318	2	67936
12319	2	54115
12320	2	40641
12321	2	36934
12322	2	33874
12323	2	33641
12324	2	2960
12325	2	2117
12326	2	2822
12327	2	2136
12328	2	1959
12329	2	2104
12330	2	2404
12331	2	3477
12339	2	3277
12340	2	2863
12341	2	2896
12342	2	2655
12343	2	2393
12344	2	2487
12345	2	2163
12346	2	2555
12347	2	2136
12348	2	3196
12349	2	2925
12350	2	2664
12351	2	2600
12352	2	2938
12353	2	2330
12354	2	2790
12355	2	2580
12356	2	2018
12357	2	1969
12358	2	1664
12359	2	1308
12360	2	1695
12361	2	1831
12362	2	1138
12363	2	3340
12364	2	2678
12365	2	2539
12366	2	1842
12367	2	1742
12368	2	1151
12369	2	1488
12370	2	2062
12371	2	2423
12372	2	2172
12373	2	2103
12374	2	1906
12375	2	1260
12376	2	1471
12377	2	1111
12378	2	1459
12379	2	2422
12380	2	2591
12381	2	2174
12382	2	2118
12383	2	1932
12384	2	2233
12387	2	1654
12388	2	2100
12389	2	1928
12392	2	1687
12393	2	1036
12394	2	1035
12395	2	1189
12396	2	957
12397	2	1010
12398	2	950
12399	2	2070
12400	2	1948
12401	2	1780
12402	2	1758
12403	2	1825
12429	2	6441
12430	2	22804
12431	2	25929
12432	2	24677
12433	2	25176
12434	2	9414
12435	2	8200
12436	2	34524
12437	2	28889
12453	2	12806
12454	2	9246
12455	2	4092
12456	2	8167
12457	2	13581
12458	2	8533
12459	2	12545
12460	2	13718
12461	2	6743
12462	2	5000
12463	2	16625
12464	2	6090
12465	2	14140
12466	2	17879
12467	2	10082
12468	2	10469
12469	2	8007
12470	2	3700
12471	2	5148
12472	2	12973
12473	2	18044
12474	2	13687
12475	2	15718
12476	2	10185
12477	2	7453
12478	2	5095
12479	2	4729
12480	2	19852
12481	2	8081
12482	2	15027
12488	2	3431
12489	2	2775
12490	2	1807
12491	2	2331
12492	2	3775
12493	2	1904
12494	2	964
12495	2	780
12496	2	6252
12497	2	8072
12498	2	6981
12499	2	5837
12500	2	7041
12501	2	6465
12502	2	8029
12503	2	6726
12504	2	2580
12505	2	3947
12506	2	2840
12507	2	4472
12508	2	3738
12509	2	3644
12510	2	2308
12511	2	2466
12512	2	3935
12515	2	3824
12517	2	3095
12518	2	1922
12519	2	2377
12520	2	3011
12521	2	3240
12522	2	2523
12523	2	2860
12524	2	2995
12525	2	3007
12526	2	2007
12527	2	2645
12528	2	2785
12529	2	2767
12762	2	3117
12763	2	2824
12764	2	2016
12765	2	2448
12766	2	2966
12767	2	2529
12768	2	1676
12769	2	2682
12770	2	2983
12771	2	2861
12772	2	8675
12773	2	6270
12774	2	9811
12775	2	5495
12776	2	13901
12777	2	1862
12778	2	2421
12779	2	2552
12780	2	6577
12781	2	4564
12782	2	7597
12783	2	2200
12784	2	1826
12785	2	1917
12786	2	2907
12787	2	2592
12788	2	4307
12789	2	9068
12790	2	3081
12791	2	2618
12792	2	2554
12793	2	2561
12794	2	3175
12795	2	3475
12796	2	1770
12797	2	2161
12798	2	20255
12799	2	17951
12800	2	13781
12801	2	36204
12802	2	35422
12803	2	28808
12804	2	25802
12805	2	24674
12806	2	24670
12807	2	21197
12808	2	1852
12809	2	1211
12810	2	1227
12811	2	1494
12812	2	1001
12813	2	1380
12814	2	1422
12815	2	1220
12816	2	1434
12817	2	1812
12819	2	9843
12820	2	15171
12821	2	13140
12822	2	6370
12823	2	8522
12824	2	8688
12825	2	16688
12826	2	22299
12827	2	21686
12828	2	14519
12829	2	16708
12830	2	14626
12831	2	8352
12832	2	13363
12833	2	10681
12834	2	25052
12835	2	28010
12836	2	25928
12837	2	18544
12838	2	20286
12840	2	2576
12841	2	3897
12842	2	2055
12843	2	3195
12844	2	4459
12845	2	2300
12846	2	3354
12847	2	2171
12848	2	2399
12849	2	2094
12850	2	1933
12851	2	2068
12852	2	5156
12853	2	3968
12854	2	4584
12855	2	4298
12856	2	3836
12857	2	2317
12858	2	2245
12859	2	1662
12860	2	37588
12861	2	20394
12862	2	11494
12863	2	27959
12864	2	30795
12865	2	14220
12866	2	40756
12867	2	26958
12868	2	27178
12869	2	40516
12870	2	2377
12871	2	2278
12872	2	2619
12873	2	1861
12874	2	1705
12875	2	2139
12876	2	1824
12877	2	2338
12878	2	1316
12879	2	1548
12880	2	27661
12881	2	23119
12882	2	31589
12883	2	26153
12884	2	25719
12885	2	40474
12886	2	35064
12887	2	27271
12888	2	44270
12889	2	49207
12890	2	1966
12891	2	2023
12892	2	1801
12893	2	1476
12894	2	1356
12895	2	1726
12896	2	3852
12897	2	3272
12898	2	3141
12899	2	1597
12940	2	9758
12941	2	8705
12942	2	17477
12943	2	8030
12944	2	7961
12945	2	11521
12946	2	13567
12947	2	14491
12948	2	26774
12950	2	28194
12951	2	39259
12952	2	24930
12953	2	24810
12954	2	39253
12955	2	32875
12956	2	28625
12957	2	41094
12958	2	21390
12959	2	15721
12960	2	4033
12961	2	4999
12962	2	5223
12963	2	5067
12964	2	5325
12965	2	5080
12966	2	3975
12967	2	5287
12968	2	4366
12969	2	1902
12970	2	2475
12971	2	1980
12972	2	1966
12973	2	2299
12974	2	1985
12975	2	3532
12976	2	2270
12977	2	2083
12978	2	3747
12979	2	2175
12980	2	20037
12981	2	17478
12982	2	25232
12983	2	21811
12984	2	23204
12985	2	11538
12986	2	12104
12987	2	14973
12988	2	12576
12990	2	12608
12991	2	21464
12992	2	13079
12993	2	23611
12995	2	17075
12997	2	16704
12999	2	11942
13000	2	14661
13001	2	17726
13002	2	9003
13003	2	19984
13004	2	12557
13005	2	15155
13006	2	10441
13007	2	6615
13008	2	9556
13009	2	6634
13010	2	7310
13011	2	12827
13012	2	18257
13013	2	27105
13014	2	19835
13015	2	24495
13018	2	20242
13019	2	19640
13080	2	31359
13081	2	16171
13082	2	23391
13083	2	17065
13084	2	25398
13085	2	22531
13086	2	12764
13087	2	26786
13088	2	20026
13089	2	34409
13100	2	3640
13101	2	12921
13103	2	12233
13104	2	10089
13105	2	12350
13106	2	12154
13107	2	5911
13108	2	15091
13109	2	3740
13155	2	15429
13156	2	7883
13157	2	19689
13158	2	10648
13159	2	16089
13160	2	12624
13161	2	9261
13162	2	17891
13163	2	8958
13164	2	20433
13165	2	2315
13166	2	2144
13167	2	2043
13168	2	1978
13169	2	26946
13170	2	20471
13171	2	37997
13172	2	20167
13173	2	39353
13174	2	9539
13175	2	7125
13176	2	14589
13177	2	8595
13178	2	17224
13180	2	2834
13181	2	2674
13182	2	2513
13183	2	2717
13184	2	2003
13185	2	2518
13186	2	2008
13187	2	2338
13188	2	3993
13189	2	3646
13190	2	6207
13191	2	3091
13192	2	3672
13193	2	15614
13194	2	10205
13195	2	17440
13196	2	11257
13197	2	23147
13198	2	14453
13199	2	10032
13200	2	16655
13201	2	10299
13202	2	21262
13203	2	26492
13204	2	20751
13205	2	35722
13206	2	22211
13207	2	43997
13208	2	11613
13209	2	8266
13210	2	13470
13211	2	5863
13212	2	20052
13213	2	3906
13214	2	3947
13215	2	3539
13216	2	8229
13217	2	3858
13218	2	3525
13219	2	3196
13235	2	10974
13236	2	9967
13237	2	15021
13238	2	9039
13239	2	19799
13240	2	4694
13241	2	2279
13242	2	6229
13243	2	2738
13244	2	6590
13245	2	3748
13246	2	3292
13247	2	3331
13248	2	7677
13249	2	4051
13250	2	3672
13251	2	6570
13252	2	3519
13253	2	3754
13254	2	3487
13639	2	1295
13640	2	1795
13641	2	1593
13642	2	1573
13643	2	1587
13644	2	2309
13645	2	1312
13646	2	1442
13647	2	1923
13648	2	849
13649	2	1393
13650	2	2279
13651	2	1200
13652	2	1322
13653	2	1540
13654	2	1290
13655	2	2043
13656	2	64412
13657	2	74103
13658	2	58362
13659	2	34377
13660	2	41292
13661	2	34461
13662	2	30979
13663	2	33916
13664	2	30739
13665	2	44070
13666	2	33634
13667	2	30547
13668	2	14494
13669	2	16224
14202	2	18654
14203	2	18238
14204	2	10977
14205	2	8947
14206	2	13705
14207	2	15543
14208	2	10510
14209	2	7849
14210	2	14579
14211	2	10299
14212	2	7181
14213	2	5857
14214	2	15316
14215	2	16129
14216	2	20886
14683	2	8140
14684	2	15469
14685	2	11078
14799	2	6538
14800	2	4181
14801	2	3567
14802	2	4960
14803	2	1836
14804	2	5816
14805	2	3529
14806	2	2068
14807	2	8066
14809	2	7239
14811	2	16443
14813	2	11008
14815	2	13021
14817	2	10973
14819	2	6456
14821	2	8850
14824	2	9071
14825	2	9381
14826	2	10018
14827	2	8999
14828	2	19147
14829	2	3425
14830	2	4388
14831	2	6938
14832	2	6363
14833	2	5874
14834	2	8224
14835	2	4969
14836	2	5422
14837	2	4085
14838	2	2852
14839	2	3326
14840	2	2899
14841	2	9831
14842	2	6669
14843	2	6720
14844	2	1552
14845	2	10192
14846	2	4264
14847	2	7954
14848	2	6868
14849	2	8851
14851	2	4767
14852	2	4794
14853	2	4018
14858	2	5843
14859	2	7485
14860	2	12438
14861	2	20853
14862	2	14239
14863	2	18394
14864	2	11942
14865	2	9108
14866	2	15404
14867	2	13053
14868	2	14107
14869	2	15948
14870	2	10220
14871	2	14907
14872	2	13558
14873	2	10940
14874	2	10056
14875	2	13576
14876	2	15067
14877	2	17473
14878	2	15205
14879	2	18903
14880	2	10814
14881	2	13860
14882	2	10733
14883	2	13460
14884	2	8480
14885	2	10922
14886	2	11809
14887	2	14905
14888	2	11624
14889	2	16768
14890	2	12152
14891	2	18827
14892	2	5586
14893	2	14894
14894	2	10451
14896	2	13061
14897	2	15741
14898	2	21508
14899	2	15400
14900	2	5614
14901	2	7213
14902	2	7886
14904	2	8398
14905	2	13182
14909	2	11055
14910	2	9904
14911	2	13402
14912	2	10084
14913	2	9223
14914	2	15039
14915	2	9771
14916	2	10802
14917	2	5970
14918	2	8636
14919	2	10999
14920	2	12071
14921	2	9180
14922	2	16029
14923	2	14117
15548	2	10181
15549	2	16712
15550	2	8201
15551	2	10652
15552	2	9071
15553	2	10298
15554	2	7067
15555	2	13107
15556	2	14896
15557	2	25906
15558	2	16056
15559	2	17374
15560	2	10168
15561	2	8087
15562	2	14446
15563	2	18112
15564	2	25165
15565	2	25035
15566	2	20429
15567	2	18669
15568	2	4730
15569	2	11500
15570	2	9543
15571	2	5695
15578	2	10175
15580	2	11022
15581	2	10220
15582	2	12616
15583	2	11914
15584	2	16105
15585	2	7154
15586	2	10672
15587	2	11935
15588	2	23645
15589	2	14751
15590	2	10647
15591	2	10770
15592	2	16017
15593	2	10153
15594	2	14938
15595	2	8812
15596	2	20107
15597	2	15324
15598	2	19364
15600	2	15134
15601	2	17766
15602	2	14454
15603	2	12936
15604	2	8157
15605	2	14329
15606	2	11230
15607	2	14107
15608	2	13976
15609	2	11528
15610	2	14732
15611	2	13446
15612	2	14110
15613	2	6914
15614	2	9083
15615	2	9369
15616	2	17093
15617	2	15968
15618	2	17096
15619	2	14696
15620	2	15732
15621	2	11574
15622	2	14106
15623	2	6904
15624	2	11048
15625	2	14580
15626	2	11787
15627	2	12297
15764	2	8575
15765	2	5563
15766	2	7092
15767	2	9213
15768	2	4795
15769	2	6970
15770	2	6425
15771	2	2794
15772	2	5061
15773	2	8014
15774	2	5423
15775	2	2955
15776	2	27280
15777	2	17679
15778	2	27160
15779	2	20123
15780	2	13367
15781	2	15734
15782	2	8909
15783	2	7244
15817	2	4340
15818	2	12788
15819	2	4157
15820	2	6097
15821	2	42031
15822	2	19830
15823	2	36526
15824	2	21949
15825	2	11004
15826	2	12712
15827	2	8111
15828	2	4515
15829	2	7226
15830	2	5092
15831	2	3540
15832	2	3719
15833	2	22640
15834	2	18147
15835	2	22536
15836	2	13987
15916	2	15118
15917	2	12748
15918	2	17596
15919	2	10902
15920	2	17590
15921	2	12080
15922	2	7182
15923	2	13706
15925	2	5188
15926	2	9240
15927	2	34560
15928	2	15034
15929	2	12955
15930	2	8643
15931	2	12581
15932	2	17254
15933	2	10661
15934	2	6963
15935	2	8928
16028	2	10058
16029	2	11877
16030	2	16142
16031	2	7752
16032	2	6172
16033	2	8443
16034	2	8191
16035	2	4233
16036	2	12988
16037	2	11973
16038	2	12183
16039	2	8029
16040	2	9186
16041	2	7966
16042	2	17566
16043	2	4507
16044	2	13845
16045	2	15116
16046	2	14032
16047	2	8734
16048	2	18562
16049	2	16162
16050	2	13331
16051	2	4672
16052	2	15717
16053	2	12071
16054	2	16249
16055	2	8969
16056	2	14175
16057	2	8919
16058	2	8282
16059	2	6309
16060	2	17162
16061	2	15230
16063	2	10207
16064	2	12458
16065	2	9459
16066	2	10582
16067	2	4884
16068	2	13228
16069	2	6787
16070	2	8112
16071	2	4234
16072	2	4855
16073	2	5529
16074	2	5861
16075	2	4698
16076	2	18161
16077	2	21450
16078	2	19879
16079	2	17474
16080	2	19244
16081	2	23451
16082	2	21439
16083	2	12484
16084	2	19464
16085	2	21262
16086	2	17243
16087	2	16062
16088	2	18062
16089	2	16566
16090	2	19267
16091	2	9596
16092	2	27512
3766	3	30768
3767	3	5808
3768	3	39675
3769	3	14670
3770	3	15385
3771	3	3846
3772	3	8843
3773	3	2701
3774	3	27356
3775	3	13044
3776	3	10083
3777	3	8134
3778	3	8138
3779	3	6833
3780	3	3842
3813	3	21799
3814	3	20446
3815	3	33689
3816	3	14930
3817	3	34836
3818	3	22541
3819	3	18943
3820	3	25137
3821	3	13205
3822	3	35169
3823	3	38587
4452	3	26949
4453	3	24147
4454	3	42766
4455	3	19875
4456	3	39496
4457	3	21090
4458	3	18857
4459	3	29472
4460	3	11677
4461	3	31670
4462	3	24209
4463	3	18542
4464	3	27220
4465	3	27890
4466	3	34608
4467	3	34837
4468	3	39910
4469	3	36302
4470	3	36412
4471	3	37594
4473	3	50584
4474	3	56868
4475	3	43488
4476	3	52768
4477	3	65379
4478	3	57533
4479	3	64555
4480	3	55905
4481	3	57310
5073	3	10542
5074	3	12146
5075	3	15880
5076	3	7597
5077	3	14309
5078	3	11435
5079	3	11030
5080	3	18928
5081	3	7533
5082	3	15777
5083	3	10542
5084	3	12146
5085	3	15880
5086	3	7597
5087	3	14309
5088	3	11435
5089	3	11030
5090	3	18928
5091	3	7533
5092	3	15777
5102	3	18700
5103	3	16655
5104	3	23139
5105	3	11960
5106	3	23761
5107	3	14971
5108	3	12785
5109	3	18047
5110	3	8956
5111	3	18992
5112	3	18700
5113	3	16655
5114	3	23139
5115	3	11960
5116	3	23761
5117	3	14971
5118	3	12785
5119	3	18047
8415	3	20808
8416	3	15037
8417	3	22741
8418	3	21505
8419	3	29837
8420	3	33880
8421	3	35887
8422	3	8033
8423	3	13606
8424	3	14850
8425	3	20008
8426	3	16438
8427	3	9842
8428	3	12594
8429	3	16666
8430	3	10880
8431	3	16212
8432	3	11302
8433	3	12705
8434	3	15614
10853	3	18656
10854	3	17919
10855	3	8872
10856	3	6192
10857	3	12054
10858	3	9720
10859	3	14553
10860	3	11432
10861	3	20691
10862	3	15499
10863	3	8000
10864	3	6782
10865	3	25343
10866	3	18304
10867	3	8747
11857	3	13744
11858	3	15719
11859	3	9300
11860	3	11314
11861	3	21543
11862	3	13737
11863	3	14406
11864	3	18415
11865	3	20514
11866	3	23769
11867	3	19043
11868	3	17430
11869	3	18713
11870	3	10542
11871	3	9564
11872	3	13623
11873	3	12327
11874	3	17586
11875	3	14039
11876	3	26865
11917	3	24145
11918	3	8481
11919	3	3590
11920	3	17830
11921	3	23307
11922	3	27244
11923	3	12229
11924	3	13476
11925	3	28001
11926	3	11739
11927	3	15222
11928	3	14546
11929	3	20682
11930	3	21752
11931	3	18586
11932	3	18172
11933	3	11226
11934	3	7220
11935	3	7965
11936	3	7044
11947	3	17885
11948	3	12006
11949	3	13967
11950	3	20428
11951	3	9581
11952	3	11566
11953	3	13130
11954	3	11208
11955	3	21289
11956	3	12541
11957	3	11581
11958	3	13536
11959	3	18340
11960	3	15620
11961	3	14992
11962	3	19600
11963	3	22141
11964	3	12738
11987	3	19732
11988	3	18111
11989	3	19597
11990	3	16786
11991	3	33756
11992	3	34586
11993	3	16307
11994	3	22087
11995	3	7404
11996	3	9033
11997	3	9007
11998	3	8261
11999	3	22145
12000	3	13948
12001	3	11718
12002	3	11162
12003	3	15041
12004	3	21549
12005	3	18761
12006	3	14160
12257	3	14088
12258	3	12179
12259	3	11893
12261	3	17751
12262	3	13069
12263	3	19565
12264	3	10084
12265	3	16969
12266	3	11073
12267	3	7768
12268	3	19602
12269	3	15121
12270	3	15017
12271	3	14689
12272	3	10090
12273	3	8407
12274	3	7411
12275	3	6468
12276	3	18463
12277	3	14399
12278	3	10213
12279	3	12189
12280	3	11821
12281	3	11374
12282	3	32643
12283	3	33632
12284	3	32564
12285	3	38929
12286	3	15391
12287	3	18730
12288	3	20143
12289	3	27219
12290	3	13692
12291	3	11792
12292	3	9667
12293	3	9829
12294	3	22121
12295	3	19036
12296	3	17531
12297	3	17057
12298	3	15178
12299	3	16687
12300	3	39395
12301	3	50443
12302	3	44213
12303	3	58450
12304	3	39193
12305	3	32554
12306	3	43949
12307	3	44793
12314	3	10715
12315	3	5890
12316	3	7674
12317	3	5017
12318	3	11345
12319	3	3949
12320	3	23292
12321	3	12430
12322	3	16966
12323	3	9603
12324	3	17543
12325	3	11117
12326	3	13731
12327	3	7432
12328	3	5440
12329	3	8796
12330	3	10576
12331	3	21658
12339	3	12606
12340	3	12280
12341	3	9509
12342	3	8557
12343	3	6210
12344	3	9786
12345	3	10827
12346	3	9349
12347	3	7105
12348	3	8823
12349	3	7789
12350	3	7838
12351	3	7214
12352	3	5411
12353	3	6814
12354	3	39104
12355	3	42397
12356	3	11334
12357	3	11300
12358	3	14366
12359	3	15499
12360	3	14881
12361	3	10198
12362	3	10105
12363	3	12214
12364	3	12160
12365	3	10506
12366	3	9079
12367	3	10230
12368	3	50098
12369	3	40753
12370	3	51374
12371	3	30560
12372	3	29698
12373	3	31170
12374	3	31552
12375	3	38398
12376	3	32177
12377	3	26516
12378	3	30655
12379	3	25965
12380	3	28976
12381	3	24618
12382	3	20063
12383	3	18653
12384	3	16051
12387	3	15954
12388	3	14628
12389	3	30293
12392	3	38529
12393	3	27407
12394	3	48417
12395	3	37822
12396	3	26245
12397	3	32236
12398	3	34025
12399	3	37428
12400	3	31885
12401	3	16982
12402	3	28022
12403	3	40216
12429	3	9594
12430	3	17716
12431	3	20203
12432	3	14633
12433	3	13714
12434	3	24700
12435	3	18783
12436	3	35737
12437	3	28800
12453	3	27451
12454	3	17230
12455	3	16288
12456	3	13565
12457	3	20476
12458	3	22447
12459	3	14912
12460	3	12847
12461	3	22363
12462	3	16977
12463	3	21107
12464	3	18188
12465	3	31333
12466	3	22112
12467	3	18692
12468	3	18486
12469	3	15277
12470	3	7671
12471	3	7548
12472	3	16289
12473	3	19516
12474	3	19214
12475	3	15696
12476	3	19830
12477	3	13713
12478	3	9520
12479	3	7076
12480	3	22543
12481	3	20476
12482	3	18448
12488	3	37551
12489	3	24119
12490	3	22027
12491	3	27694
12492	3	38114
12493	3	30745
12494	3	20294
12495	3	25249
12496	3	14182
12497	3	9615
12498	3	13654
12499	3	14754
12500	3	15254
12501	3	18896
12502	3	15663
12503	3	15954
12504	3	17278
12505	3	10240
12506	3	11793
12507	3	14821
12508	3	11300
12509	3	12475
12510	3	7805
12511	3	8886
12512	3	14402
12515	3	11375
12516	3	23709
12517	3	23836
12518	3	27269
12519	3	26014
12520	3	30813
12521	3	26781
12522	3	20682
12523	3	20586
12524	3	11532
12525	3	12514
12526	3	10095
12527	3	10712
12528	3	9544
12529	3	10533
12762	3	13280
12763	3	13937
12764	3	10156
12765	3	12550
12766	3	38571
12767	3	35984
12768	3	21273
12769	3	25009
12770	3	39746
12771	3	41592
12772	3	16531
12773	3	12091
12774	3	21598
12775	3	9006
12776	3	18533
12777	3	22320
12778	3	31225
12779	3	30672
12780	3	12101
12781	3	10455
12782	3	18491
12783	3	27917
12784	3	19854
12785	3	19847
12786	3	31494
12787	3	31046
12788	3	6899
12789	3	17483
12790	3	6594
12791	3	9682
12792	3	8890
12793	3	11001
12794	3	11639
12795	3	7988
12796	3	25445
12797	3	29564
12798	3	8306
12799	3	16506
12800	3	15630
12801	3	35004
12802	3	63297
12803	3	27976
12804	3	21225
12805	3	52969
12806	3	50000
12807	3	21971
12808	3	17758
12809	3	14265
12810	3	15343
12811	3	49766
12812	3	39457
12813	3	40147
12814	3	67980
12815	3	32384
12816	3	57414
12817	3	62225
12819	3	14182
12820	3	26441
12821	3	23393
12822	3	17129
12823	3	27820
12824	3	24202
12825	3	27832
12826	3	59207
12827	3	47934
12828	3	5848
12829	3	15409
12830	3	11943
12831	3	4181
12832	3	12588
12833	3	10987
12834	3	10894
12835	3	26370
12836	3	21610
12837	3	18904
12838	3	29068
12840	3	12140
12841	3	9777
12842	3	8840
12843	3	17208
12844	3	12036
12845	3	16107
12846	3	13522
12847	3	8451
12848	3	10422
12849	3	33146
12850	3	32848
12851	3	30556
12852	3	37023
12853	3	35972
12854	3	32034
12855	3	30039
12856	3	25619
12857	3	30844
12858	3	40811
12859	3	30786
12860	3	41160
12861	3	23445
12862	3	15659
12863	3	33676
12864	3	28064
12865	3	22310
12866	3	37314
12867	3	16592
12868	3	18339
12869	3	26524
12870	3	19567
12871	3	15005
12872	3	14528
12873	3	13740
12874	3	8458
12875	3	13891
12876	3	15090
12877	3	44141
12878	3	21046
12879	3	37493
12880	3	15387
12881	3	9784
12882	3	15984
12883	3	15312
12884	3	13772
12885	3	24101
12886	3	34541
12887	3	24683
12888	3	35774
12889	3	26647
12890	3	31480
12891	3	33125
12892	3	32574
12893	3	31708
12894	3	34885
12895	3	30782
12896	3	31210
12897	3	30191
12898	3	28937
12899	3	28249
12940	3	10886
12941	3	8782
12942	3	15587
12943	3	15902
12944	3	11595
12945	3	17548
12946	3	17882
12947	3	14365
12948	3	36460
12949	3	5891
12950	3	5137
12951	3	10317
12952	3	6370
12953	3	7676
12954	3	10008
12955	3	9961
12956	3	4824
12957	3	13198
12958	3	22568
12959	3	15270
12960	3	12192
12961	3	13598
12962	3	13427
12963	3	9242
12964	3	9566
12965	3	10557
12966	3	8817
12967	3	8352
12968	3	8828
12969	3	30349
12970	3	35952
12971	3	37983
12972	3	26363
12973	3	31744
12974	3	17818
12975	3	27728
12976	3	38351
12977	3	31341
12978	3	14254
12979	3	14044
12980	3	16662
12981	3	19050
12982	3	20914
12983	3	13649
12984	3	24854
12985	3	17107
12986	3	24833
12987	3	17315
12988	3	14592
12990	3	17274
12991	3	34741
12992	3	28145
12993	3	23757
12995	3	19844
12997	3	25291
12999	3	17516
13000	3	17641
13001	3	24392
13002	3	16426
13005	3	19741
13006	3	9653
13007	3	8301
13008	3	17888
13009	3	18152
13010	3	7633
13011	3	16234
13012	3	27160
13013	3	23860
13014	3	30770
13015	3	27569
13016	3	14833
13017	3	18699
13018	3	13602
13019	3	25735
13080	3	6533
13081	3	8280
13082	3	14731
13083	3	6803
13084	3	12413
13085	3	7734
13086	3	4540
13087	3	14006
13088	3	5593
13089	3	12010
13100	3	2298
13101	3	3078
13102	3	26797
13103	3	2174
13104	3	6366
13105	3	3044
13106	3	2471
13107	3	6027
13108	3	1431
13109	3	6336
13155	3	16033
13156	3	12886
13157	3	24427
13158	3	10661
13159	3	14148
13160	3	16728
13161	3	16003
13162	3	23821
13163	3	11666
13164	3	25060
13165	3	12377
13166	3	17393
13167	3	13862
13168	3	17454
13169	3	19923
13170	3	23240
13171	3	35230
13172	3	15773
13173	3	33097
13174	3	17515
13175	3	16143
13176	3	27936
13177	3	12286
13178	3	23596
13179	3	156
13180	3	16060
13181	3	17921
13182	3	17752
13183	3	32494
13184	3	25194
13185	3	29485
13186	3	21209
13187	3	26969
13188	3	37475
13189	3	39407
13190	3	36562
13191	3	36097
13192	3	34111
13193	3	6628
13194	3	4669
13195	3	8285
13196	3	3798
13197	3	9231
13198	3	5553
13199	3	3347
13200	3	8030
13201	3	3120
13202	3	7422
13203	3	10897
13204	3	7687
13205	3	14724
13206	3	6909
13207	3	16025
13208	3	6683
13209	3	3989
13210	3	9855
13211	3	3265
13212	3	10464
13213	3	40568
13214	3	47776
13215	3	35763
13216	3	31635
13217	3	39145
13218	3	26958
13219	3	27960
13235	3	16830
13236	3	17783
13237	3	26377
13238	3	11728
13239	3	27941
13240	3	11934
13241	3	10757
13242	3	18873
13243	3	6698
13244	3	18103
13245	3	8670
13246	3	7972
13247	3	8320
13248	3	9300
13249	3	7841
13250	3	8899
13251	3	8428
13252	3	10719
13253	3	9716
13254	3	6114
13639	3	21875
13640	3	27823
13641	3	28458
13642	3	18216
13643	3	8603
13644	3	28102
13645	3	26896
13646	3	17068
13647	3	32934
13648	3	29486
13649	3	16971
13650	3	25655
13651	3	28785
13652	3	26494
13653	3	35191
13654	3	26759
13655	3	16377
13656	3	60378
13657	3	38206
13658	3	32455
13659	3	49588
13660	3	46556
13661	3	27713
13662	3	45870
13663	3	42071
13664	3	27824
13665	3	39708
13666	3	37871
13667	3	35398
13668	3	26350
13669	3	36253
14202	3	26142
14203	3	24509
14204	3	21586
14205	3	17452
14206	3	30411
14207	3	28995
14208	3	21213
14209	3	18514
14210	3	30923
14211	3	21896
14212	3	12753
14213	3	11369
14214	3	24454
14215	3	26006
14216	3	20010
14683	3	13082
14684	3	19785
14685	3	17296
14799	3	14542
14800	3	7442
14801	3	5135
14802	3	6938
14803	3	3585
14804	3	5768
14805	3	5279
14806	3	22555
14807	3	15605
14809	3	24509
14810	3	33102
14811	3	9621
14812	3	11446
14813	3	7726
14814	3	12839
14815	3	9243
14816	3	11596
14817	3	11681
14818	3	16285
14819	3	13686
14820	3	7276
14821	3	5397
14822	3	23012
14823	3	8199
14824	3	19209
14825	3	13989
14826	3	20608
14827	3	12964
14828	3	20124
14829	3	5172
14830	3	2152
14831	3	2467
14832	3	3460
14833	3	10190
14834	3	10807
14836	3	11382
14838	3	5428
14839	3	1557
14840	3	3608
14841	3	2852
14842	3	7832
14843	3	4784
14844	3	2555
14846	3	9960
14847	3	15727
14848	3	8628
14849	3	9718
14851	3	6088
14852	3	17582
14853	3	11361
14856	3	7386
14857	3	4735
14858	3	16340
14859	3	27683
14860	3	20385
14861	3	17045
14862	3	15602
14863	3	24092
14864	3	18711
14865	3	21744
14866	3	22329
14867	3	16055
14868	3	10924
14869	3	16879
14870	3	14298
14871	3	29927
14872	3	16641
14873	3	15247
14874	3	13237
14875	3	12698
14876	3	9541
14877	3	17437
14878	3	14366
14879	3	12698
14880	3	10846
14881	3	15417
14882	3	13551
14883	3	23587
14884	3	17685
14887	3	20889
14888	3	16525
14889	3	15722
14890	3	10672
14891	3	11078
14892	3	8638
14893	3	13057
14894	3	9151
14896	3	25390
14897	3	24170
14898	3	27494
14899	3	28544
14900	3	33626
14901	3	32960
14902	3	23824
14904	3	21062
14905	3	24460
14909	3	21004
14910	3	30142
14911	3	21845
14912	3	19750
14913	3	22568
14914	3	17710
14915	3	12388
14916	3	22023
14917	3	15205
14918	3	30543
14919	3	27447
14920	3	29730
14921	3	18713
14922	3	32598
14923	3	24760
15548	3	7830
15549	3	16126
15550	3	4983
15551	3	9655
15552	3	3738
15553	3	7272
15554	3	768
15555	3	6455
15556	3	6862
15557	3	8979
15558	3	1752
15559	3	5624
15560	3	9154
15561	3	13485
15562	3	2873
15563	3	3064
15564	3	13092
15565	3	26259
15566	3	8271
15567	3	7393
15568	3	3473
15569	3	4658
15570	3	1005
15571	3	3699
15578	3	21560
15580	3	21712
15581	3	23514
15582	3	21892
15583	3	17292
15584	3	19372
15585	3	16235
15586	3	13775
15587	3	14572
15588	3	15035
15589	3	11542
15590	3	14356
15591	3	13057
15592	3	12394
15593	3	14493
15594	3	12766
15595	3	11927
15596	3	11855
15597	3	22714
15598	3	20393
15600	3	22781
15601	3	21625
15602	3	17601
15603	3	18237
15604	3	29210
15605	3	21644
15606	3	27289
15607	3	25339
15608	3	21461
15609	3	22171
15610	3	7926
15611	3	7623
15612	3	8192
15613	3	5647
15614	3	5393
15615	3	6191
15616	3	15836
15617	3	14517
15618	3	16802
15619	3	15378
15620	3	13264
15621	3	14413
15622	3	16076
15623	3	16171
15624	3	17260
15625	3	15208
15626	3	13357
15627	3	14383
15764	3	58776
15765	3	45221
15766	3	34955
15767	3	51072
15768	3	37756
15769	3	49148
15770	3	35287
15771	3	26977
15772	3	29091
15773	3	31850
15774	3	25620
15775	3	29024
15776	3	31193
15777	3	22581
15778	3	22643
15779	3	27766
15780	3	23220
15781	3	25515
15782	3	39862
15783	3	30172
15817	3	28489
15818	3	37295
15819	3	28387
15820	3	25006
15821	3	61045
15822	3	46011
15823	3	52782
15824	3	55525
15825	3	43467
15826	3	47321
15827	3	20851
15828	3	17536
15829	3	20438
15830	3	18240
15831	3	15897
15832	3	19271
15833	3	43054
15834	3	31232
15835	3	37797
15836	3	33881
15916	3	23806
15917	3	32001
15918	3	38002
15919	3	23928
15920	3	34524
15921	3	27844
15922	3	20660
15923	3	30645
15925	3	28284
15926	3	32458
15927	3	28692
15928	3	25927
15929	3	27806
15930	3	24643
15931	3	17092
15932	3	14820
15933	3	19846
15934	3	28567
15935	3	17103
16028	3	22490
16029	3	18895
16030	3	16720
16031	3	12050
16032	3	14034
16033	3	15298
16034	3	8823
16035	3	12506
16036	3	19177
16037	3	16714
16038	3	16014
16039	3	14106
16040	3	16304
16041	3	15295
16042	3	11946
16043	3	12176
16044	3	28257
16045	3	24918
16046	3	16031
16047	3	19999
16048	3	18003
16049	3	18251
16050	3	11525
16051	3	9067
16052	3	18657
16053	3	13225
16054	3	14470
16055	3	12852
16056	3	13878
16057	3	7472
16058	3	8585
16059	3	6112
16060	3	23989
16061	3	17078
16062	3	18516
16063	3	14986
16064	3	13661
16065	3	10089
16066	3	9205
16067	3	8235
16068	3	15037
16069	3	6010
16070	3	5930
16071	3	3541
16072	3	6313
16073	3	4486
16074	3	4527
16075	3	4557
16076	3	19052
16077	3	18949
16078	3	19204
16079	3	20257
16080	3	17115
16081	3	14593
16082	3	9929
16083	3	16656
16084	3	15368
16085	3	12978
16086	3	7971
16087	3	13205
16088	3	11467
16089	3	10102
16090	3	10191
16091	3	7085
16092	3	14885
